UT,ID,AZ,OK,MS,NC,TN,FL,NV,TX,SD,AL,CO,NM,GA,AR,IN,KY,KS,SC,MO,OR,LA,IA,WV,MT,VA,WI,CA,WA,MI,OH,NE,MN,ME,ND,HI,IL,MD,DE,NH,PA,RI,MA,AK,VT,NJ,CT,D.C.,NY
0.0000000,1.0821387,2.6385106,2.1331991,3.4229316,1.9871868,3.2342633,1.9586331,2.2649025,2.2686252,1.5183308,3.0353594,1.1790547,4.3600854,2.4133924,3.0565551,1.6795348,2.5224733,1.4541094,2.7327991,2.2994574,1.9152603,3.4469619,1.3076426,2.5853254,1.8827126,1.3730128,1.4679582,3.3366603,1.5930746,2.3346987,2.0200375,1.6925882,1.6649728,2.1340043,1.8830011,1.9964148,2.5811895,2.6954797,2.8227369,2.6015662,2.5724221,2.6721923,2.8014219,5.1689767,3.1826803,3.3845804,3.6375930,8.8366751,4.8299765
1.0821387,0.0000000,1.9944643,1.8152832,2.4049741,1.2994899,2.7788623,1.3250664,2.0415221,1.8462587,1.5030058,2.3346173,1.6796549,3.8412452,1.6575187,2.4277213,1.3801752,1.5939715,1.5408981,2.1174730,2.0420039,1.2418557,2.8296128,1.6611149,1.8076593,1.5164288,1.8035438,1.5796574,2.6960416,1.8117251,1.9292197,1.6439014,2.0183782,2.1208690,1.8841630,2.2363720,2.3325906,2.5715817,3.1377515,3.0430534,3.1001020,2.5871892,2.5000956,3.1357246,5.1186697,3.2569367,3.6455381,3.9447211,8.9924215,4.7341956
2.6385106,1.9944643,0.0000000,1.0601088,1.8406445,1.0011598,0.9225180,0.8694903,1.0651667,1.0383726,1.5534188,0.5889600,2.3561165,1.8882004,1.1105540,0.7288196,1.3804126,1.7845763,1.8211659,0.7765177,1.2075669,1.7170397,1.2136683,2.5890288,1.4071412,1.6470794,3.0219545,2.3044068,2.4920406,2.4918881,1.3940785,1.9976044,2.7593350,3.1591980,3.0624849,3.1629467,3.2532005,2.4536701,3.3034354,3.0148046,4.1599723,2.9974662,3.0411970,3.5184586,4.5950627,4.0829873,4.3201154,4.5818702,7.9969037,4.6235023
2.1331991,1.8152832,1.0601088,0.0000000,2.3604112,0.8440965,1.4349857,0.9358037,0.9626531,0.3500482,0.9729461,1.3857796,1.6240037,2.4668642,1.1230654,1.4206526,0.9221969,1.8510567,1.2576139,1.2676206,1.0640227,1.5515611,1.5895475,1.9325733,1.5829936,1.4032426,2.3495293,1.7300465,3.1362398,1.7353838,1.2474260,1.5602750,2.0565622,2.4599326,2.7176773,2.6372616,2.6370422,1.9152800,2.7046648,2.3031990,3.5461291,2.4900854,2.6108697,2.7953961,4.8850579,3.6421695,3.7234142,3.9265472,7.3821090,4.1979591
3.4229316,2.4049741,1.8406445,2.3604112,0.0000000,1.7349290,2.5143793,1.9176013,2.7235977,2.1397376,2.8310533,1.6758251,3.4509126,2.9845892,1.4168972,1.9313507,2.4280094,1.1304982,2.9854364,1.9067623,2.6479049,1.9442301,1.9661640,3.3726951,1.4702144,2.4246099,3.5967415,3.0802331,2.7999509,3.2408920,2.3338481,2.3757582,3.5253389,3.8047676,3.0017351,3.8475283,3.8457800,3.2993430,4.4558636,3.9434733,4.7196274,3.4845466,3.1792388,4.2721707,5.5989058,4.2458048,4.7195194,5.0006349,8.8099337,4.7636566
1.9871868,1.2994899,1.0011598,0.8440965,1.7349290,0.0000000,1.7077769,0.4262434,1.2654183,0.6905268,1.1169678,1.2084585,1.7549308,2.7004399,0.4856638,1.3135507,0.7560548,1.0797835,1.3002015,1.0337902,1.2021291,0.8500028,1.5719733,1.8220322,0.9019839,1.0164937,2.1694420,1.5510955,2.5776028,1.6967720,1.0289523,1.1398047,2.0025633,2.3472678,2.1591367,2.4461148,2.4679822,1.9452873,2.8972941,2.5090718,3.3909166,2.2890313,2.2409568,2.8678527,4.7953348,3.2991955,3.5738529,3.8369961,7.9961776,4.0932323
3.2342633,2.7788623,0.9225180,1.4349857,2.5143793,1.7077769,0.0000000,1.5224616,1.0765280,1.4209062,1.8713008,0.8694813,2.6623228,1.1302063,1.7369968,0.7256686,1.7999751,2.5157180,2.1131684,0.9947911,1.2129383,2.3136035,1.0221200,2.9510099,1.9161144,2.0182525,3.4461044,2.6564860,2.7661301,2.8126435,1.5763491,2.4134856,3.0312939,3.4924127,3.5867792,3.4358368,3.5327627,2.4364557,3.1941056,2.9223605,4.4032818,3.1540228,3.3207319,3.5492230,4.2035948,4.3245860,4.4403723,4.6698613,7.4278839,4.4985639
1.9586331,1.3250664,0.8694903,0.9358037,1.9176013,0.4262434,1.5224616,0.0000000,0.9784836,0.8482039,0.9561022,1.0970557,1.6835541,2.5612465,0.7548645,1.1359650,0.6349647,1.3481545,1.1408168,0.8180447,0.9207739,0.9225499,1.5498221,1.7906067,0.9517585,0.8584562,2.1967426,1.4952547,2.2577319,1.7364848,0.8579224,1.2328682,1.9881009,2.3523705,2.2225867,2.3511077,2.4405336,1.8809346,2.7379030,2.4785316,3.3448387,2.2675455,2.2903510,2.8545871,4.4202145,3.2882573,3.5692095,3.8524005,8.1021872,4.1364938
2.2649025,2.0415221,1.0651667,0.9626531,2.7235977,1.2654183,1.0765280,0.9784836,0.0000000,1.0584002,0.8584022,1.3112554,1.6273956,2.1729568,1.5360792,1.1720472,0.9551284,2.2835078,1.0914091,1.0143647,0.4200920,1.7343206,1.5955438,1.9712328,1.7091847,1.2659565,2.4865216,1.7204370,2.5748205,1.9116830,1.0321276,1.7704502,2.0957698,2.5335965,2.8557155,2.4827279,2.6137565,1.7777426,2.3372842,2.2341432,3.4609089,2.4355292,2.6877298,2.7623153,3.9923010,3.5870809,3.6781356,3.9211370,7.5956650,4.1975502
2.2686252,1.8462587,1.0383726,0.3500482,2.1397376,0.6905268,1.4209062,0.8482039,1.0584002,0.0000000,1.0749231,1.2263994,1.7318554,2.3975543,0.8443617,1.2677407,0.8711172,1.6128515,1.3112432,1.0865121,1.0355510,1.3542797,1.3526222,1.9299321,1.2983019,1.2610395,2.3327086,1.6831276,3.0203064,1.6955336,1.0480553,1.3466720,2.0203498,2.4346494,2.5534419,2.5902366,2.5691778,1.7684791,2.7117728,2.2207882,3.4948349,2.3217882,2.3925782,2.7125926,4.8289125,3.4713622,3.5862310,3.7958475,7.3472039,3.9483961
1.5183308,1.5030058,1.5534188,0.9729461,2.8310533,1.1169678,1.8713008,0.9561022,0.8584022,1.0749231,0.0000000,1.8432167,0.8201318,2.9698127,1.5013862,1.7749523,0.4733033,2.0745730,0.3252008,1.4707567,0.8318433,1.3402515,2.1084171,1.1646946,1.6871703,0.8971111,1.6617427,0.9788610,2.7708462,1.1488570,1.0417026,1.2849154,1.3542826,1.7461078,2.2236887,1.8041952,1.9036723,1.4834963,1.9723429,1.8772740,2.7639833,1.9440291,2.1885016,2.2351519,4.3023591,3.0258606,3.1171534,3.3612665,7.7389300,3.9854607
3.0353594,2.3346173,0.5889600,1.3857796,1.6758251,1.2084585,0.8694813,1.0970557,1.3112554,1.2263994,1.8432167,0.0000000,2.6439974,1.5996450,1.0841736,0.3000915,1.5753507,1.7487991,2.0573487,0.5280050,1.2954017,1.7482592,0.7353235,2.7790115,1.2071938,1.6876705,3.2085880,2.4477421,2.3490214,2.6430888,1.3127963,1.9905392,2.8903587,3.3113685,3.0745162,3.2600563,3.3351475,2.3816313,3.3680629,2.9968109,4.2386879,2.9235965,2.9297201,3.5226656,4.4109245,3.9954185,4.2573685,4.5217843,7.8725225,4.3222695
1.1790547,1.6796549,2.3561165,1.6240037,3.4509126,1.7549308,2.6623228,1.6835541,1.6273956,1.7318554,0.8201318,2.6439974,0.0000000,3.7413315,2.1240436,2.5754898,1.1145133,2.5280539,0.6336418,2.2488189,1.5680881,1.7162252,2.8495709,0.6510259,2.2713874,1.3408893,1.0800936,0.7759030,3.2784035,0.7837171,1.6545453,1.5070886,0.8700168,1.1322739,2.0798451,1.3382890,1.4056792,1.5680835,1.6432318,1.7081270,2.1600488,1.7930235,2.1102794,1.8364867,4.5508724,2.7140290,2.7009992,2.9149365,7.7906947,3.9478874
4.3600854,3.8412452,1.8882004,2.4668642,2.9845892,2.7004399,1.1302063,2.5612465,2.1729568,2.3975543,2.9698127,1.5996450,3.7413315,0.0000000,2.5859266,1.4907675,2.8609776,3.2890508,3.1871866,1.8640463,2.2381230,3.2468692,1.4051034,3.9916524,2.6804223,2.9938094,4.4819354,3.6766421,3.3195428,3.8144091,2.4846235,3.3237462,4.0195151,4.4967503,4.4961704,4.4041618,4.4856346,3.2257288,4.0177510,3.6790287,5.3336139,3.9617123,4.1045339,4.3568289,4.3986381,5.1081428,5.2068828,5.4150293,7.2371041,4.8448718
2.4133924,1.6575187,1.1105540,1.1230654,1.4168972,0.4856638,1.7369968,0.7548645,1.5360792,0.8443617,1.5013862,1.0841736,2.1240436,2.5859266,0.0000000,1.2181486,1.0804091,0.8366432,1.6479628,0.9730598,1.3950103,0.8911099,1.3150582,2.0999363,0.5922515,1.1725552,2.4172038,1.7955737,2.5824996,1.9185602,1.0596059,1.1535438,2.2181923,2.5708218,2.1929462,2.6485683,2.6356298,1.9823704,3.0937174,2.5885440,3.5589940,2.3039571,2.1737977,2.9631629,4.8478275,3.2937956,3.6009906,3.8608983,7.9058400,3.8888424
3.0565551,2.4277213,0.7288196,1.4206526,1.9313507,1.3135507,0.7256686,1.1359650,1.1720472,1.2677407,1.7749523,0.3000915,2.5754898,1.4907675,1.2181486,0.0000000,1.5336437,1.9198381,1.9705631,0.4034118,1.1215722,1.7855762,0.6844053,2.7160423,1.2654369,1.6134026,3.1695797,2.3772133,2.2733604,2.5855160,1.1857801,1.9705235,2.8057664,3.2431751,3.0731159,3.1530665,3.2429068,2.2221517,3.1720085,2.8355931,4.1301175,2.8046489,2.8607268,3.3817500,4.1434479,3.8958386,4.1301755,4.3936590,7.7581883,4.1805742
1.6795348,1.3801752,1.3804126,0.9221969,2.4280094,0.7560548,1.7999751,0.6349647,0.9551284,0.8711172,0.4733033,1.5753507,1.1145133,2.8609776,1.0804091,1.5336437,0.0000000,1.6399583,0.5699721,1.1811470,0.7899224,0.9048095,1.8274647,1.2197491,1.2248150,0.5374770,1.6736003,0.9301076,2.5505660,1.1391774,0.7052903,0.9039219,1.3843502,1.7820119,1.9513616,1.8200366,1.8852201,1.3795499,2.1617999,1.9100736,2.7950611,1.7788036,1.9117540,2.2571941,4.3277909,2.8579657,3.0405914,3.3047294,7.7979664,3.7722138
2.5224733,1.5939715,1.7845763,1.8510567,1.1304982,1.0797835,2.5157180,1.3481545,2.2835078,1.6128515,2.0745730,1.7487991,2.5280539,3.2890508,0.8366432,1.9198381,1.6399583,0.0000000,2.1503402,1.6775693,2.1270262,0.9558817,2.0050188,2.3428685,0.8739074,1.5859582,2.5046615,2.0808738,2.6642634,2.2164846,1.6873001,1.3757519,2.4921794,2.7223048,1.9292786,2.8157243,2.7778012,2.4706686,3.5821298,3.0795686,3.6395355,2.5150974,2.1887310,3.2933843,5.2779142,3.2422668,3.7024553,3.9839343,8.5059156,4.0688316
1.4541094,1.5408981,1.8211659,1.2576139,2.9854364,1.3002015,2.1131684,1.1408168,1.0914091,1.3112432,0.3252008,2.0573487,0.6336418,3.1871866,1.6479628,1.9705631,0.5699721,2.1503402,0.0000000,1.6346827,0.9721999,1.3158183,2.2844202,0.8881906,1.7477491,0.8098750,1.4075404,0.7002964,2.7533458,0.9280170,1.0659305,1.1850252,1.0736436,1.4648473,2.0163735,1.4829181,1.5989550,1.3102709,1.7291849,1.6948271,2.4485443,1.6886140,1.9691497,1.9812009,4.1849547,2.7374727,2.8267380,3.0807194,7.7832406,3.8048533
2.7327991,2.1174730,0.7765177,1.2676206,1.9067623,1.0337902,0.9947911,0.8180447,1.0143647,1.0865121,1.4707567,0.5280050,2.2488189,1.8640463,0.9730598,0.4034118,1.1811470,1.6775693,1.6346827,0.0000000,0.8689713,1.4097563,0.8731207,2.3417900,0.9619017,1.2145342,2.7869470,1.9951965,2.1179880,2.2262417,0.8175388,1.5947937,2.4376694,2.8643960,2.6809793,2.7666634,2.8582858,1.9140887,2.8836877,2.5596229,3.7465628,2.4444634,2.4951472,3.0577801,4.0583679,3.5208429,3.7757049,4.0507165,7.8180321,3.9565304
2.2994574,2.0420039,1.2075669,1.0640227,2.6479049,1.2021291,1.2129383,0.9207739,0.4200920,1.0355510,0.8318433,1.2954017,1.5680881,2.2381230,1.3950103,1.1215722,0.7899224,2.1270262,0.9721999,0.8689713,0.0000000,1.5001037,1.4705948,1.7885747,1.4610678,0.9614894,2.3022489,1.4906968,2.4293872,1.7023784,0.6530308,1.4685693,1.8654126,2.3216268,2.5717542,2.2280256,2.3459317,1.4177394,2.1214470,1.9506462,3.2015658,2.0709831,2.3199306,2.4710638,3.8235873,3.2292540,3.3376729,3.5897228,7.5251326,3.8050209
1.9152603,1.2418557,1.7170397,1.5515611,1.9442301,0.8500028,2.3136035,0.9225499,1.7343206,1.3542797,1.3402515,1.7482592,1.7162252,3.2468692,0.8911099,1.7855762,0.9048095,0.9558817,1.3158183,1.4097563,1.5001037,0.0000000,1.9975485,1.4772580,0.7618982,0.6970617,1.7213322,1.1737844,2.3353597,1.4155734,1.0240335,0.6132256,1.6336281,1.8993017,1.3581537,1.9065854,1.9236191,1.6946941,2.6792632,2.3191837,2.8070371,1.7251147,1.5499227,2.4962963,4.5818748,2.5572038,2.9649320,3.2706590,8.2722291,3.6322496
3.4469619,2.8296128,1.2136683,1.5895475,1.9661640,1.5719733,1.0221200,1.5498221,1.5955438,1.3526222,2.1084171,0.7353235,2.8495709,1.4051034,1.3150582,0.6844053,1.8274647,2.0050188,2.2844202,0.8731207,1.4705948,1.9975485,0.0000000,2.9404110,1.3854944,1.8864331,3.3650455,2.6006183,2.7717919,2.7133187,1.3846767,2.0484058,2.9534314,3.4057167,3.2161226,3.3713806,3.3865912,2.2121957,3.3094906,2.7775112,4.2774562,2.8202246,2.8406725,3.3648166,4.4414370,3.9314698,4.1102578,4.3343076,7.2682701,3.8585110
1.3076426,1.6611149,2.5890288,1.9325733,3.3726951,1.8220322,2.9510099,1.7906067,1.9712328,1.9299321,1.1646946,2.7790115,0.6510259,3.9916524,2.0999363,2.7160423,1.2197491,2.3428685,0.8881906,2.3417900,1.7885747,1.4772580,2.9404110,0.0000000,2.1231094,1.2041904,0.5354522,0.3794199,3.1633381,0.4531561,1.6340293,1.1914061,0.4010975,0.5998052,1.4815350,0.8215242,0.8324842,1.3961051,1.6378138,1.6050360,1.6736441,1.3088470,1.5551761,1.5365503,4.5303066,2.1050862,2.1913249,2.4451821,7.9609764,3.5529522
2.5853254,1.8076593,1.4071412,1.5829936,1.4702144,0.9019839,1.9161144,0.9517585,1.7091847,1.2983019,1.6871703,1.2071938,2.2713874,2.6804223,0.5922515,1.2654369,1.2248150,0.8739074,1.7477491,0.9619017,1.4610678,0.7618982,1.3854944,2.1231094,0.0000000,1.0426092,2.4269238,1.7749003,2.1671381,1.9892612,0.9525865,1.0684003,2.2139446,2.5526588,1.9615248,2.5028943,2.5223576,1.8768384,3.0253535,2.5675268,3.4066621,2.0872558,1.9049794,2.8889264,4.4792190,2.9860622,3.3840889,3.6784564,8.1120931,3.6196017
1.8827126,1.5164288,1.6470794,1.4032426,2.4246099,1.0164937,2.0182525,0.8584562,1.2659565,1.2610395,0.8971111,1.6876705,1.3408893,2.9938094,1.1725552,1.6134026,0.5374770,1.5859582,0.8098750,1.2145342,0.9614894,0.6970617,1.8864331,1.2041904,1.0426092,0.0000000,1.6182173,0.8347282,2.2379028,1.1703122,0.5586136,0.6758546,1.3185478,1.6952510,1.6188404,1.5857042,1.6783365,1.2020578,2.0830405,1.8495908,2.5694172,1.4464352,1.5345424,2.1172504,4.0374116,2.4637185,2.7421774,3.0449558,7.9641594,3.4586747
1.3730128,1.8035438,3.0219545,2.3495293,3.5967415,2.1694420,3.4461044,2.1967426,2.4865216,2.3327086,1.6617427,3.2085880,1.0800936,4.4819354,2.4172038,3.1695797,1.6736003,2.5046615,1.4075404,2.7869470,2.3022489,1.7213322,3.3650455,0.5354522,2.4269238,1.6182173,0.0000000,0.8328711,3.4773007,0.7610338,2.0806836,1.4454401,0.6544344,0.3710113,1.3081970,0.8453564,0.7226285,1.7641973,1.9408153,1.8861531,1.4173062,1.4334960,1.5622027,1.6182015,4.8965215,1.9275984,2.0456056,2.2879905,8.1843346,3.6053855
1.4679582,1.5796574,2.3044068,1.7300465,3.0802331,1.5510955,2.6564860,1.4952547,1.7204370,1.6831276,0.9788610,2.4477421,0.7759030,3.6766421,1.7955737,2.3772133,0.9301076,2.0808738,0.7002964,1.9951965,1.4906968,1.1737844,2.6006183,0.3794199,1.7749003,0.8347282,0.8328711,0.0000000,2.8631561,0.4863976,1.2712852,0.8829397,0.5401945,0.8834310,1.3984724,0.9260675,0.9701763,1.1631448,1.6588905,1.5368445,1.8725979,1.1618782,1.3855164,1.5847864,4.3239361,2.0910865,2.2442896,2.5220317,7.9109406,3.4106955
3.3366603,2.6960416,2.4920406,3.1362398,2.7999509,2.5776028,2.7661301,2.2577319,2.5748205,3.0203064,2.7708462,2.3490214,3.2784035,3.3195428,2.5824996,2.2733604,2.5505660,2.6642634,2.7533458,2.1179880,2.4293872,2.3353597,2.7717919,3.1633381,2.1671381,2.2379028,3.4773007,2.8631561,0.0000000,3.3179703,2.2904874,2.7184660,3.3363758,3.5784112,2.9629110,3.1610148,3.4339700,3.0908316,3.6664409,3.7787242,4.0474766,3.1759310,3.1383006,3.9924216,3.2531318,3.6929210,4.2490291,4.6312237,9.6440153,4.7319214
1.5930746,1.8117251,2.4918881,1.7353838,3.2408920,1.6967720,2.8126435,1.7364848,1.9116830,1.6955336,1.1488570,2.6430888,0.7837171,3.8144091,1.9185602,2.5855160,1.1391774,2.2164846,0.9280170,2.2262417,1.7023784,1.4155734,2.7133187,0.4531561,1.9892612,1.1703122,0.7610338,0.4863976,3.3179703,0.0000000,1.4965585,0.9909978,0.3833011,0.7543265,1.5491570,1.0887533,0.9537291,1.1567310,1.6544027,1.3429831,1.8442080,1.1755998,1.4123169,1.3720477,4.6717304,2.1305284,2.1444700,2.3594256,7.5815121,3.2964380
2.3346987,1.9292197,1.3940785,1.2474260,2.3338481,1.0289523,1.5763491,0.8579224,1.0321276,1.0480553,1.0417026,1.3127963,1.6545453,2.4846235,1.0596059,1.1857801,0.7052903,1.6873001,1.0659305,0.8175388,0.6530308,1.0240335,1.3846767,1.6340293,0.9525865,0.5586136,2.0806836,1.2712852,2.2904874,1.4965585,0.0000000,0.9442774,1.6677569,2.1073220,2.0744356,2.0039646,2.0682773,1.1426355,2.1722328,1.8206350,2.9545636,1.6455696,1.7720719,2.2562428,3.9271434,2.7692434,2.9732383,3.2463846,7.6064137,3.3612946
2.0200375,1.6439014,1.9976044,1.5602750,2.3757582,1.1398047,2.4134856,1.2328682,1.7704502,1.3466720,1.2849154,1.9905392,1.5070886,3.3237462,1.1535438,1.9705235,0.9039219,1.3757519,1.1850252,1.5947937,1.4685693,0.6132256,2.0484058,1.1914061,1.0684003,0.6758546,1.4454401,0.8829397,2.7184660,0.9909978,0.9442774,0.0000000,1.2090468,1.5307081,1.2745270,1.5967452,1.5233670,1.1841773,2.2527832,1.7610156,2.4339428,1.2120127,1.1101155,1.9338682,4.5406473,2.1886323,2.4708926,2.7448929,7.7865290,3.1271649
1.6925882,2.0183782,2.7593350,2.0565622,3.5253389,2.0025633,3.0312939,1.9881009,2.0957698,2.0203498,1.3542826,2.8903587,0.8700168,4.0195151,2.2181923,2.8057664,1.3843502,2.4921794,1.0736436,2.4376694,1.8654126,1.6336281,2.9534314,0.4010975,2.2139446,1.3185478,0.6544344,0.5401945,3.3363758,0.3833011,1.6677569,1.2090468,0.0000000,0.4923305,1.5358788,0.7477328,0.6218741,1.1503058,1.4039690,1.2604430,1.4947705,1.0213341,1.3613671,1.1418632,4.4918455,1.8868739,1.8651842,2.0963447,7.6684129,3.2016136
1.6649728,2.1208690,3.1591980,2.4599326,3.8047676,2.3472678,3.4924127,2.3523705,2.5335965,2.4346494,1.7461078,3.3113685,1.1322739,4.4967503,2.5708218,3.2431751,1.7820119,2.7223048,1.4648473,2.8643960,2.3216268,1.8993017,3.4057167,0.5998052,2.5526588,1.6952510,0.3710113,0.8834310,3.5784112,0.7543265,2.1073220,1.5307081,0.4923305,0.0000000,1.4564573,0.6603053,0.4461734,1.5921075,1.6455692,1.6167002,1.1582291,1.2352751,1.4815109,1.2759359,4.7470294,1.7492305,1.7473336,1.9756550,7.9618879,3.3599826
2.1340043,1.8841630,3.0624849,2.7176773,3.0017351,2.1591367,3.5867792,2.2225867,2.8557155,2.5534419,2.2236887,3.0745162,2.0798451,4.4961704,2.1929462,3.0731159,1.9513616,1.9292786,2.0163735,2.6809793,2.5717542,1.3581537,3.2161226,1.4815350,1.9615248,1.6188404,1.3081970,1.3984724,2.9629110,1.5491570,2.0744356,1.2745270,1.5358788,1.4564573,0.0000000,1.4352039,1.3533473,2.0366396,2.7111316,2.4555722,1.9388141,1.4351764,1.0467852,2.2131814,4.8728621,1.5417980,2.1508967,2.4851863,8.7125496,3.3161335
1.8830011,2.2363720,3.1629467,2.6372616,3.8475283,2.4461148,3.4358368,2.3511077,2.4827279,2.5902366,1.8041952,3.2600563,1.3382890,4.4041618,2.6485683,3.1530665,1.8200366,2.8157243,1.4829181,2.7666634,2.2280256,1.9065854,3.3713806,0.8215242,2.5028943,1.5857042,0.8453564,0.9260675,3.1610148,1.0887533,2.0039646,1.5967452,0.7477328,0.6603053,1.4352039,0.0000000,0.4182600,1.5053424,1.4404974,1.6565583,1.0275908,1.0756593,1.4062295,1.3274945,4.1595052,1.5063178,1.6304544,1.9458789,8.1953400,3.2611113
1.9964148,2.3325906,3.2532005,2.6370422,3.8457800,2.4679822,3.5327627,2.4405336,2.6137565,2.5691778,1.9036723,3.3351475,1.4056792,4.4856346,2.6356298,3.2429068,1.8852201,2.7778012,1.5989550,2.8582858,2.3459317,1.9236191,3.3865912,0.8324842,2.5223576,1.6783365,0.7226285,0.9701763,3.4339700,0.9537291,2.0682773,1.5233670,0.6218741,0.4461734,1.3533473,0.4182600,0.0000000,1.4459789,1.5220712,1.5125312,0.9339071,0.9170264,1.2139304,1.0921915,4.4658746,1.3563808,1.3972982,1.6804993,7.9704986,3.0401853
2.5811895,2.5715817,2.4536701,1.9152800,3.2993430,1.9452873,2.4364557,1.8809346,1.7777426,1.7684791,1.4834963,2.3816313,1.5680835,3.2257288,1.9823704,2.2221517,1.3795499,2.4706686,1.3102709,1.9140887,1.4177394,1.6946941,2.2121957,1.3961051,1.8768384,1.2020578,1.7641973,1.1631448,3.0908316,1.1567310,1.1426355,1.1841773,1.1503058,1.5921075,2.0366396,1.5053424,1.4459789,0.0000000,1.3303679,0.7392673,2.2127856,0.8686556,1.3179695,1.1840809,3.9310673,2.1025549,2.0258191,2.2348043,7.0187190,2.5357273
2.6954797,3.1377515,3.3034354,2.7046648,4.4558636,2.8972941,3.1941056,2.7379030,2.3372842,2.7117728,1.9723429,3.3680629,1.6432318,4.0177510,3.0937174,3.1720085,2.1617999,3.5821298,1.7291849,2.8836877,2.1214470,2.6792632,3.3094906,1.6378138,3.0253535,2.0830405,1.9408153,1.6588905,3.6664409,1.6544027,2.1722328,2.2527832,1.4039690,1.6455692,2.7111316,1.4404974,1.5220712,1.3303679,0.0000000,1.0414324,1.8436934,1.5746153,2.1963947,1.1163417,3.6796765,2.3698781,2.0047728,2.1470849,7.1638097,3.1258891
2.8227369,3.0430534,3.0148046,2.3031990,3.9434733,2.5090718,2.9223605,2.4785316,2.2341432,2.2207882,1.8772740,2.9968109,1.7081270,3.6790287,2.5885440,2.8355931,1.9100736,3.0795686,1.6948271,2.5596229,1.9506462,2.3191837,2.7775112,1.6050360,2.5675268,1.8495908,1.8861531,1.5368445,3.7787242,1.3429831,1.8206350,1.7610156,1.2604430,1.6167002,2.4555722,1.6565583,1.5125312,0.7392673,1.0414324,0.0000000,2.0881152,1.1633619,1.7022917,0.7457197,4.2272553,2.2231646,1.8455499,1.9348111,6.5700304,2.4701514
2.6015662,3.1001020,4.1599723,3.5461291,4.7196274,3.3909166,4.4032818,3.3448387,3.4609089,3.4948349,2.7639833,4.2386879,2.1600488,5.3336139,3.5589940,4.1301175,2.7950611,3.6395355,2.4485443,3.7465628,3.2015658,2.8070371,4.2774562,1.6736441,3.4066621,2.5694172,1.4173062,1.8725979,4.0474766,1.8442080,2.9545636,2.4339428,1.4947705,1.1582291,1.9388141,1.0275908,0.9339071,2.2127856,1.8436934,2.0881152,0.0000000,1.5905599,1.8552647,1.4327598,4.6683666,1.2905859,1.1468240,1.3743322,8.3091637,3.2219208
2.5724221,2.5871892,2.9974662,2.4900854,3.4845466,2.2890313,3.1540228,2.2675455,2.4355292,2.3217882,1.9440291,2.9235965,1.7930235,3.9617123,2.3039571,2.8046489,1.7788036,2.5150974,1.6886140,2.4444634,2.0709831,1.7251147,2.8202246,1.3088470,2.0872558,1.4464352,1.4334960,1.1618782,3.1759310,1.1755998,1.6455696,1.2120127,1.0213341,1.2352751,1.4351764,1.0756593,0.9170264,0.8686556,1.5746153,1.1633619,1.5905599,0.0000000,0.6299175,1.0021649,4.1490341,1.2491981,1.3360917,1.6299229,7.5364710,2.2970361
2.6721923,2.5000956,3.0411970,2.6108697,3.1792388,2.2409568,3.3207319,2.2903510,2.6877298,2.3925782,2.1885016,2.9297201,2.1102794,4.1045339,2.1737977,2.8607268,1.9117540,2.1887310,1.9691497,2.4951472,2.3199306,1.5499227,2.8406725,1.5551761,1.9049794,1.5345424,1.5622027,1.3855164,3.1383006,1.4123169,1.7720719,1.1101155,1.3613671,1.4815109,1.0467852,1.4062295,1.2139304,1.3179695,2.1963947,1.7022917,1.8552647,0.6299175,0.0000000,1.5275550,4.4987680,1.1718841,1.5509039,1.8541085,7.8306636,2.3235503
2.8014219,3.1357246,3.5184586,2.7953961,4.2721707,2.8678527,3.5492230,2.8545871,2.7623153,2.7125926,2.2351519,3.5226656,1.8364867,4.3568289,2.9631629,3.3817500,2.2571941,3.2933843,1.9812009,3.0577801,2.4710638,2.4962963,3.3648166,1.5365503,2.8889264,2.1172504,1.6182015,1.5847864,3.9924216,1.3720477,2.2562428,1.9338682,1.1418632,1.2759359,2.2131814,1.3274945,1.0921915,1.1840809,1.1163417,0.7457197,1.4327598,1.0021649,1.5275550,0.0000000,4.4383379,1.6916595,1.1851018,1.2656660,6.9703098,2.3925123
5.1689767,5.1186697,4.5950627,4.8850579,5.5989058,4.7953348,4.2035948,4.4202145,3.9923010,4.8289125,4.3023591,4.4109245,4.5508724,4.3986381,4.8478275,4.1434479,4.3277909,5.2779142,4.1849547,4.0583679,3.8235873,4.5818748,4.4414370,4.5303066,4.4792190,4.0374116,4.8965215,4.3239361,3.2531318,4.6717304,3.9271434,4.5406473,4.4918455,4.7470294,4.8728621,4.1595052,4.4658746,3.9310673,3.6796765,4.2272553,4.6683666,4.1490341,4.4987680,4.4383379,0.0000000,4.5374022,4.6551779,4.9199483,9.1537533,4.8906133
3.1826803,3.2569367,4.0829873,3.6421695,4.2458048,3.2991955,4.3245860,3.2882573,3.5870809,3.4713622,3.0258606,3.9954185,2.7140290,5.1081428,3.2937956,3.8958386,2.8579657,3.2422668,2.7374727,3.5208429,3.2292540,2.5572038,3.9314698,2.1050862,2.9860622,2.4637185,1.9275984,2.0910865,3.6929210,2.1305284,2.7692434,2.1886323,1.8868739,1.7492305,1.5417980,1.5063178,1.3563808,2.1025549,2.3698781,2.2231646,1.2905859,1.2491981,1.1718841,1.6916595,4.5374022,0.0000000,0.8776681,1.2491548,8.3218019,2.3774598
3.3845804,3.6455381,4.3201154,3.7234142,4.7195194,3.5738529,4.4403723,3.5692095,3.6781356,3.5862310,3.1171534,4.2573685,2.7009992,5.2068828,3.6009906,4.1301755,3.0405914,3.7024553,2.8267380,3.7757049,3.3376729,2.9649320,4.1102578,2.1913249,3.3840889,2.7421774,2.0456056,2.2442896,4.2490291,2.1444700,2.9732383,2.4708926,1.8651842,1.7473336,2.1508967,1.6304544,1.3972982,2.0258191,2.0047728,1.8455499,1.1468240,1.3360917,1.5509039,1.1851018,4.6551779,0.8776681,0.0000000,0.4096923,7.6739989,2.1278527
3.6375930,3.9447211,4.5818702,3.9265472,5.0006349,3.8369961,4.6698613,3.8524005,3.9211370,3.7958475,3.3612665,4.5217843,2.9149365,5.4150293,3.8608983,4.3936590,3.3047294,3.9839343,3.0807194,4.0507165,3.5897228,3.2706590,4.3343076,2.4451821,3.6784564,3.0449558,2.2879905,2.5220317,4.6312237,2.3594256,3.2463846,2.7448929,2.0963447,1.9756550,2.4851863,1.9458789,1.6804993,2.2348043,2.1470849,1.9348111,1.3743322,1.6299229,1.8541085,1.2656660,4.9199483,1.2491548,0.4096923,0.0000000,7.4388959,2.0817297
8.8366751,8.9924215,7.9969037,7.3821090,8.8099337,7.9961776,7.4278839,8.1021872,7.5956650,7.3472039,7.7389300,7.8725225,7.7906947,7.2371041,7.9058400,7.7581883,7.7979664,8.5059156,7.7832406,7.8180321,7.5251326,8.2722291,7.2682701,7.9609764,8.1120931,7.9641594,8.1843346,7.9109406,9.6440153,7.5815121,7.6064137,7.7865290,7.6684129,7.9618879,8.7125496,8.1953400,7.9704986,7.0187190,7.1638097,6.5700304,8.3091637,7.5364710,7.8306636,6.9703098,9.1537533,8.3218019,7.6739989,7.4388959,0.0000000,6.6140086
4.8299765,4.7341956,4.6235023,4.1979591,4.7636566,4.0932323,4.4985639,4.1364938,4.1975502,3.9483961,3.9854607,4.3222695,3.9478874,4.8448718,3.8888424,4.1805742,3.7722138,4.0688316,3.8048533,3.9565304,3.8050209,3.6322496,3.8585110,3.5529522,3.6196017,3.4586747,3.6053855,3.4106955,4.7319214,3.2964380,3.3612946,3.1271649,3.2016136,3.3599826,3.3161335,3.2611113,3.0401853,2.5357273,3.1258891,2.4701514,3.2219208,2.2970361,2.3235503,2.3925123,4.8906133,2.3774598,2.1278527,2.0817297,6.6140086,0.0000000
